Spannung U1	Strom IA
U1/V	IA/nA

0,02	0,17
0,04	0,17
0,07	0,16
0,09	0,17
0,12	0,18
0,14	0,18
0,17	0,18
0,19	0,18
0,21	0,18
0,24	0,20
0,26	0,20
0,29	0,19
0,31	0,20
0,34	0,20
0,36	0,20
0,39	0,21
0,41	0,20
0,43	0,20
0,46	0,20
0,48	0,18
0,51	0,19
0,53	0,17
0,56	0,18
0,58	0,19
0,61	0,19
0,63	0,19
0,65	0,19
0,68	0,19
0,70	0,21
0,73	0,21
0,75	0,19
0,78	0,20
0,80	0,19
0,83	0,19
0,85	0,19
0,87	0,20
0,90	0,19
0,92	0,19
0,95	0,19
0,97	0,21
1,00	0,21
1,02	0,20
1,05	0,20
1,07	0,19
1,09	0,19
1,12	0,19
1,14	0,18
1,17	0,18
1,19	0,18
1,22	0,18
1,24	0,19
1,26	0,18
1,29	0,18
1,31	0,20
1,34	0,20
1,36	0,20
1,39	0,20
1,41	0,20
1,44	0,21
1,46	0,21
1,48	0,19
1,51	0,20
1,53	0,19
1,56	0,18
1,58	0,19
1,61	0,19
1,63	0,19
1,66	0,19
1,68	0,18
1,70	0,20
1,73	0,20
1,75	0,19
1,78	0,19
1,80	0,18
1,83	0,19
1,85	0,18
1,88	0,17
1,90	0,18
1,92	0,18
1,95	0,18
1,97	0,19
2,00	0,17
2,02	0,17
2,05	0,19
2,07	0,20
2,10	0,20
2,12	0,20
2,14	0,20
2,17	0,21
2,19	0,21
2,22	0,19
2,24	0,19
2,27	0,17
2,29	0,18
2,31	0,19
2,34	0,19
2,36	0,20
2,39	0,20
2,41	0,20
2,44	0,21
2,46	0,21
2,49	0,19
2,51	0,19
2,53	0,18
2,56	0,18
2,58	0,18
2,61	0,17
2,63	0,17
2,66	0,17
2,68	0,17
2,71	0,18
2,73	0,16
2,75	0,17
2,78	0,18
2,80	0,18
2,83	0,19
2,85	0,19
2,88	0,19
2,90	0,20
2,93	0,21
2,95	0,19
2,97	0,20
3,00	0,18
3,02	0,18
3,05	0,19
3,07	0,19
3,10	0,19
3,12	0,19
3,15	0,19
3,17	0,21
3,19	0,21
3,22	0,21
3,24	0,20
3,27	0,20
3,29	0,20
3,32	0,20
3,34	0,20
3,36	0,19
3,39	0,18
3,41	0,19
3,44	0,18
3,46	0,17
3,49	0,17
3,51	0,19
3,54	0,19
3,56	0,20
3,58	0,19
3,61	0,19
3,63	0,20
3,66	0,20
3,68	0,18
3,71	0,18
3,73	0,17
3,76	0,17
3,78	0,18
3,80	0,19
3,83	0,19
3,85	0,20
3,88	0,20
3,90	0,22
3,93	0,21
3,95	0,21
3,98	0,21
4,00	0,20
4,02	0,20
4,05	0,20
4,07	0,19
4,10	0,19
4,12	0,18
4,15	0,18
4,17	0,19
4,20	0,17
4,22	0,17
4,24	0,18
4,27	0,18
4,29	0,19
4,32	0,20
4,34	0,19
4,37	0,20
4,39	0,20
4,42	0,19
4,44	0,19
4,46	0,18
4,49	0,17
4,51	0,19
4,54	0,19
4,56	0,19
4,59	0,19
4,61	0,19
4,63	0,20
4,66	0,20
4,68	0,18
4,71	0,18
4,73	0,18
4,76	0,18
4,78	0,19
4,81	0,18
4,83	0,18
4,85	0,19
4,88	0,18
4,90	0,19
4,93	0,17
4,95	0,17
4,98	0,17
5,00	0,17
5,03	0,17
5,05	0,17
5,07	0,17
5,10	0,18
5,12	0,18
5,15	0,18
5,17	0,18
5,20	0,16
5,22	0,15
5,25	0,17
5,27	0,17
5,29	0,18
5,32	0,18
5,34	0,19
5,37	0,21
5,39	0,22
5,42	0,20
5,44	0,21
5,47	0,19
5,49	0,20
5,51	0,20
5,54	0,19
5,56	0,18
5,59	0,18
5,61	0,18
5,64	0,19
5,66	0,17
5,68	0,18
5,71	0,17
5,73	0,18
5,76	0,18
5,78	0,18
5,81	0,17
5,83	0,18
5,86	0,18
5,88	0,19
5,90	0,19
5,93	0,18
5,95	0,19
5,98	0,21
6,00	0,21
6,03	0,21
6,05	0,21
6,08	0,20
6,10	0,22
6,12	0,21
6,15	0,19
6,17	0,19
6,20	0,19
6,22	0,19
6,25	0,19
6,27	0,19
6,30	0,20
6,32	0,20
6,34	0,20
6,37	0,20
6,39	0,21
6,42	0,21
6,44	0,20
6,47	0,19
6,49	0,20
6,52	0,20
6,54	0,20
6,56	0,20
6,59	0,20
6,61	0,21
6,64	0,21
6,66	0,19
6,69	0,19
6,71	0,21
6,73	0,20
6,76	0,20
6,78	0,20
6,81	0,20
6,83	0,22
6,86	0,22
6,88	0,20
6,91	0,20
6,93	0,19
6,95	0,20
6,98	0,20
7,00	0,21
7,03	0,21
7,05	0,21
7,08	0,21
7,10	0,23
7,13	0,22
7,15	0,23
7,17	0,22
7,20	0,22
7,22	0,22
7,25	0,23
7,27	0,23
7,30	0,23
7,32	0,23
7,35	0,23
7,37	0,23
7,39	0,22
7,42	0,22
7,44	0,24
7,47	0,23
7,49	0,24
7,52	0,24
7,54	0,24
7,57	0,26
7,59	0,26
7,61	0,24
7,64	0,24
7,66	0,23
7,69	0,23
7,71	0,23
7,74	0,22
7,76	0,22
7,78	0,22
7,81	0,22
7,83	0,25
7,86	0,24
7,88	0,25
7,91	0,25
7,93	0,25
7,96	0,25
7,98	0,25
8,00	0,24
8,03	0,25
8,05	0,25
8,08	0,26
8,10	0,27
8,13	0,26
8,15	0,26
8,18	0,27
8,20	0,27
8,22	0,27
8,25	0,27
8,27	0,26
8,30	0,29
8,32	0,29
8,35	0,27
8,37	0,28
8,40	0,28
8,42	0,29
8,44	0,28
8,47	0,27
8,49	0,27
8,52	0,27
8,54	0,27
8,57	0,28
8,59	0,28
8,62	0,29
8,64	0,29
8,66	0,28
8,69	0,29
8,71	0,30
8,74	0,29
8,76	0,29
8,79	0,28
8,81	0,28
8,84	0,28
8,86	0,27
8,88	0,28
8,91	0,29
8,93	0,30
8,96	0,31
8,98	0,31
9,01	0,31
9,03	0,33
9,05	0,33
9,08	0,31
9,10	0,31
9,13	0,30
9,15	0,30
9,18	0,31
9,20	0,30
9,23	0,31
9,25	0,31
9,27	0,31
9,30	0,33
9,32	0,33
9,35	0,32
9,37	0,32
9,40	0,32
9,42	0,34
9,45	0,34
9,47	0,33
9,49	0,34
9,52	0,34
9,54	0,33
9,57	0,34
9,59	0,33
9,62	0,33
9,64	0,34
9,67	0,34
9,69	0,35
9,71	0,35
9,74	0,35
9,76	0,36
9,79	0,36
9,81	0,36
9,84	0,36
9,86	0,34
9,89	0,34
9,91	0,34
9,93	0,33
9,96	0,33
9,98	0,33
10,01	0,34
10,03	0,36
10,06	0,36
10,08	0,36
10,10	0,37
10,13	0,36
10,15	0,36
10,18	0,36
10,20	0,36
10,23	0,36
10,25	0,35
10,28	0,35
10,30	0,36
10,32	0,36
10,35	0,36
10,37	0,35
10,40	0,35
10,42	0,35
10,45	0,36
10,47	0,35
10,50	0,37
10,52	0,37
10,54	0,37
10,57	0,37
10,59	0,35
10,62	0,35
10,64	0,35
10,67	0,34
10,69	0,34
10,72	0,34
10,74	0,34
10,76	0,37
10,79	0,37
10,81	0,37
10,84	0,37
10,86	0,37
10,89	0,38
10,91	0,38
10,94	0,37
10,96	0,38
10,98	0,37
11,01	0,37
11,03	0,38
11,06	0,38
11,08	0,38
11,11	0,38
11,13	0,38
11,15	0,39
11,18	0,39
11,20	0,39
11,23	0,40
11,25	0,41
11,28	0,41
11,30	0,42
11,33	0,40
11,35	0,41
11,37	0,41
11,40	0,40
11,42	0,41
11,45	0,40
11,47	0,40
11,50	0,43
11,52	0,44
11,55	0,43
11,57	0,44
11,59	0,44
11,62	0,45
11,64	0,45
11,67	0,44
11,69	0,44
11,72	0,45
11,74	0,45
11,77	0,46
11,79	0,46
11,81	0,47
11,84	0,48
11,86	0,48
11,89	0,49
11,91	0,49
11,94	0,50
11,96	0,52
11,99	0,51
12,01	0,52
12,03	0,52
12,06	0,50
12,08	0,51
12,11	0,50
12,13	0,49
12,16	0,50
12,18	0,50
12,21	0,51
12,23	0,54
12,25	0,54
12,28	0,55
12,30	0,55
12,33	0,55
12,35	0,56
12,38	0,56
12,40	0,56
12,42	0,56
12,45	0,55
12,47	0,56
12,50	0,57
12,52	0,58
12,55	0,57
12,57	0,58
12,60	0,59
12,62	0,60
12,64	0,60
12,67	0,60
12,69	0,62
12,72	0,62
12,74	0,63
12,77	0,63
12,79	0,62
12,82	0,63
12,84	0,63
12,86	0,61
12,89	0,61
12,91	0,60
12,94	0,61
12,96	0,63
12,99	0,63
13,01	0,64
13,04	0,64
13,06	0,65
13,08	0,67
13,11	0,67
13,13	0,65
13,16	0,65
13,18	0,65
13,21	0,64
13,23	0,65
13,26	0,65
13,28	0,65
13,30	0,66
13,33	0,66
13,35	0,67
13,38	0,67
13,40	0,67
13,43	0,68
13,45	0,67
13,47	0,67
13,50	0,67
13,52	0,66
13,55	0,67
13,57	0,67
13,60	0,65
13,62	0,66
13,65	0,65
13,67	0,65
13,69	0,68
13,72	0,67
13,74	0,67
13,77	0,67
13,79	0,66
13,82	0,67
13,84	0,67
13,87	0,65
13,89	0,66
13,91	0,66
13,94	0,65
13,96	0,66
13,99	0,66
14,01	0,65
14,04	0,66
14,06	0,66
14,09	0,67
14,11	0,66
14,13	0,66
14,16	0,67
14,18	0,67
14,21	0,66
14,23	0,66
14,26	0,65
14,28	0,65
14,31	0,65
14,33	0,63
14,35	0,64
14,38	0,62
14,40	0,62
14,43	0,64
14,45	0,64
14,48	0,63
14,50	0,63
14,52	0,62
14,55	0,63
14,57	0,63
14,60	0,61
14,62	0,61
14,65	0,60
14,67	0,60
14,70	0,61
14,72	0,61
14,74	0,61
14,77	0,61
14,79	0,61
14,82	0,62
14,84	0,62
14,87	0,60
14,89	0,60
14,92	0,60
14,94	0,60
14,96	0,60
14,99	0,59
15,01	0,60
15,04	0,59
15,06	0,59
15,09	0,59
15,11	0,57
15,14	0,57
15,16	0,58
15,18	0,58
15,21	0,59
15,23	0,59
15,26	0,58
15,28	0,60
15,31	0,60
15,33	0,59
15,36	0,59
15,38	0,57
15,40	0,57
15,43	0,59
15,45	0,60
15,48	0,60
15,50	0,60
15,53	0,60
15,55	0,62
15,57	0,62
15,60	0,61
15,62	0,61
15,65	0,61
15,67	0,61
15,70	0,62
15,72	0,62
15,75	0,62
15,77	0,62
15,79	0,62
15,82	0,64
15,84	0,62
15,87	0,63
15,89	0,65
15,92	0,66
15,94	0,67
15,97	0,64
15,99	0,65
16,01	0,67
16,04	0,69
16,06	0,68
16,09	0,69
16,11	0,69
16,14	0,72
16,16	0,74
16,19	0,75
16,21	0,75
16,23	0,76
16,26	0,78
16,28	0,81
16,31	0,82
16,33	0,83
16,36	0,84
16,38	0,86
16,41	0,87
16,43	0,88
16,45	0,88
16,48	0,89
16,50	0,91
16,53	0,91
16,55	0,94
16,58	0,94
16,60	0,96
16,63	0,99
16,65	1,01
16,67	1,02
16,70	1,03
16,72	1,03
16,75	1,06
16,77	1,08
16,80	1,08
16,82	1,08
16,84	1,08
16,87	1,11
16,89	1,14
16,92	1,14
16,94	1,16
16,97	1,17
16,99	1,18
17,02	1,22
17,04	1,23
17,06	1,23
17,09	1,24
17,11	1,24
17,14	1,25
17,16	1,26
17,19	1,27
17,21	1,28
17,24	1,29
17,26	1,30
17,28	1,32
17,31	1,30
17,33	1,31
17,36	1,32
17,38	1,32
17,41	1,32
17,43	1,34
17,46	1,34
17,48	1,36
17,50	1,36
17,53	1,37
17,55	1,38
17,58	1,37
17,60	1,38
17,63	1,40
17,65	1,40
17,68	1,41
17,70	1,42
17,72	1,42
17,75	1,44
17,77	1,44
17,80	1,42
17,82	1,42
17,85	1,42
17,87	1,42
17,89	1,42
17,92	1,42
17,94	1,42
17,97	1,42
17,99	1,41
18,02	1,42
18,04	1,40
18,07	1,39
18,09	1,39
18,11	1,39
18,14	1,39
18,16	1,38
18,19	1,38
18,21	1,38
18,24	1,38
18,26	1,37
18,29	1,37
18,31	1,34
18,33	1,33
18,36	1,34
18,38	1,33
18,41	1,32
18,43	1,32
18,46	1,32
18,48	1,34
18,51	1,33
18,53	1,31
18,55	1,30
18,58	1,29
18,60	1,28
18,63	1,26
18,65	1,25
18,68	1,23
18,70	1,22
18,73	1,21
18,75	1,21
18,77	1,20
18,80	1,19
18,82	1,18
18,85	1,18
18,87	1,17
18,90	1,16
18,92	1,14
18,94	1,13
18,97	1,12
18,99	1,10
19,02	1,10
19,04	1,06
19,07	1,05
19,09	1,07
19,12	1,06
19,14	1,05
19,16	1,04
19,19	1,03
19,21	1,05
19,24	1,04
19,26	1,01
19,29	1,00
19,31	0,99
19,34	0,98
19,36	0,97
19,38	0,96
19,41	0,95
19,43	0,94
19,46	0,92
19,48	0,93
19,51	0,92
19,53	0,91
19,56	0,90
19,58	0,90
19,60	0,89
19,63	0,88
19,65	0,87
19,68	0,87
19,70	0,86
19,73	0,85
19,75	0,85
19,78	0,83
19,80	0,83
19,82	0,84
19,85	0,83
19,87	0,83
19,90	0,82
19,92	0,81
19,95	0,84
19,97	0,84
19,99	0,82
20,02	0,82
20,04	0,80
20,07	0,81
20,09	0,81
20,12	0,80
20,14	0,80
20,17	0,79
20,19	0,80
20,21	0,82
20,24	0,82
20,26	0,82
20,29	0,83
20,31	0,83
20,34	0,84
20,36	0,85
20,39	0,85
20,41	0,86
20,43	0,87
20,46	0,87
20,48	0,89
20,51	0,89
20,53	0,90
20,56	0,93
20,58	0,94
20,61	0,96
20,63	0,98
20,65	0,99
20,68	1,02
20,70	1,04
20,73	1,05
20,75	1,07
20,78	1,08
20,80	1,10
20,83	1,12
20,85	1,14
20,87	1,15
20,90	1,17
20,92	1,19
20,95	1,25
20,97	1,27
21,00	1,29
21,02	1,32
21,05	1,36
21,07	1,39
21,09	1,42
21,12	1,44
21,14	1,47
21,17	1,50
21,19	1,53
21,22	1,57
21,24	1,61
21,26	1,64
21,29	1,68
21,31	1,72
21,34	1,76
21,36	1,80
21,39	1,82
21,41	1,88
21,44	1,91
21,46	1,94
21,48	1,98
21,51	1,99
21,53	2,04
21,56	2,07
21,58	2,09
21,61	2,12
21,63	2,14
21,66	2,18
21,68	2,23
21,70	2,26
21,73	2,30
21,75	2,33
21,78	2,37
21,80	2,40
21,83	2,43
21,85	2,44
21,88	2,46
21,90	2,47
21,92	2,50
21,95	2,52
21,97	2,54
22,00	2,56
22,02	2,59
22,05	2,61
22,07	2,63
22,10	2,65
22,12	2,66
22,14	2,68
22,17	2,69
22,19	2,70
22,22	2,70
22,24	2,70
22,27	2,70
22,29	2,71
22,31	2,70
22,34	2,72
22,36	2,71
22,39	2,71
22,41	2,74
22,44	2,74
22,46	2,74
22,49	2,74
22,51	2,73
22,53	2,73
22,56	2,73
22,58	2,71
22,61	2,70
22,63	2,69
22,66	2,68
22,68	2,67
22,71	2,67
22,73	2,65
22,75	2,63
22,78	2,63
22,80	2,62
22,83	2,60
22,85	2,59
22,88	2,59
22,90	2,57
22,93	2,55
22,95	2,52
22,97	2,49
23,00	2,47
23,02	2,44
23,05	2,41
23,07	2,39
23,10	2,37
23,12	2,35
23,15	2,36
23,17	2,33
23,19	2,31
23,22	2,28
23,24	2,25
23,27	2,23
23,29	2,21
23,32	2,17
23,34	2,15
23,36	2,13
23,39	2,11
23,41	2,09
23,44	2,07
23,46	2,04
23,49	2,01
23,51	1,98
23,54	1,96
23,56	1,95
23,58	1,92
23,61	1,91
23,63	1,89
23,66	1,87
23,68	1,84
23,71	1,80
23,73	1,77
23,76	1,74
23,78	1,69
23,80	1,66
23,83	1,63
23,85	1,61
23,88	1,62
23,90	1,60
23,93	1,57
23,95	1,56
23,98	1,53
24,00	1,51
24,02	1,48
24,05	1,45
24,07	1,42
24,10	1,40
24,12	1,37
24,15	1,36
24,17	1,34
24,20	1,34
24,22	1,31
24,24	1,30
24,27	1,29
24,29	1,26
24,32	1,24
24,34	1,24
24,37	1,22
24,39	1,21
24,42	1,20
24,44	1,17
24,46	1,16
24,49	1,16
24,51	1,13
24,54	1,12
24,56	1,09
24,59	1,08
24,61	1,10
24,63	1,09
24,66	1,08
24,68	1,07
24,71	1,07
24,73	1,08
24,76	1,07
24,78	1,05
24,81	1,05
24,83	1,05
24,85	1,05
24,88	1,05
24,90	1,06
24,93	1,06
24,95	1,07
24,98	1,07
25,00	1,08
25,03	1,09
25,05	1,09
25,07	1,12
25,10	1,13
25,12	1,14
25,15	1,16
25,17	1,17
25,20	1,19
25,22	1,20
25,25	1,21
25,27	1,23
25,29	1,24
25,32	1,26
25,34	1,30
25,37	1,33
25,39	1,36
25,42	1,38
25,44	1,40
25,47	1,44
25,49	1,47
25,51	1,50
25,54	1,54
25,56	1,58
25,59	1,63
25,61	1,68
25,64	1,73
25,66	1,77
25,68	1,81
25,71	1,85
25,73	1,90
25,76	1,95
25,78	1,99
25,81	2,05
25,83	2,11
25,86	2,16
25,88	2,23
25,90	2,29
25,93	2,35
25,95	2,42
25,98	2,47
26,00	2,53
26,03	2,57
26,05	2,63
26,08	2,71
26,10	2,78
26,12	2,84
26,15	2,92
26,17	2,99
26,20	3,08
26,22	3,14
26,25	3,20
26,27	3,27
26,30	3,32
26,32	3,38
26,34	3,45
26,37	3,51
26,39	3,57
26,42	3,63
26,44	3,68
26,47	3,76
26,49	3,82
26,52	3,87
26,54	3,94
26,56	4,00
26,59	4,05
26,61	4,11
26,64	4,16
26,66	4,21
26,69	4,25
26,71	4,28
26,73	4,32
26,76	4,34
26,78	4,38
26,81	4,42
26,83	4,46
26,86	4,50
26,88	4,53
26,91	4,57
26,93	4,61
26,95	4,63
26,98	4,63
27,00	4,65
27,03	4,66
27,05	4,67
27,08	4,69
27,10	4,70
27,13	4,71
27,15	4,71
27,17	4,71
27,20	4,72
27,22	4,72
27,25	4,71
27,27	4,71
27,30	4,69
27,32	4,68
27,35	4,66
27,37	4,64
27,39	4,63
27,42	4,61
27,44	4,59
27,47	4,58
27,49	4,54
27,52	4,51
27,54	4,51
27,57	4,48
27,59	4,45
27,61	4,42
27,64	4,38
27,66	4,36
27,69	4,32
27,71	4,27
27,74	4,23
27,76	4,19
27,78	4,15
27,81	4,11
27,83	4,08
27,86	4,03
27,88	3,99
27,91	3,95
27,93	3,92
27,96	3,88
27,98	3,82
28,00	3,77
28,03	3,72
28,05	3,67
28,08	3,61
28,10	3,56
28,13	3,51
28,15	3,45
28,18	3,40
28,20	3,35
28,22	3,29
28,25	3,25
28,27	3,21
28,30	3,16
28,32	3,13
28,35	3,09
28,37	3,04
28,40	3,00
28,42	2,95
28,44	2,89
28,47	2,83
28,49	2,76
28,52	2,71
28,54	2,66
28,57	2,62
28,59	2,58
28,62	2,54
28,64	2,51
28,66	2,48
28,69	2,44
28,71	2,39
28,74	2,34
28,76	2,29
28,79	2,24
28,81	2,19
28,84	2,14
28,86	2,10
28,88	2,05
28,91	2,02
28,93	1,99
28,96	1,94
28,98	1,90
29,01	1,88
29,03	1,84
29,05	1,81
29,08	1,77
29,10	1,74
29,13	1,72
29,15	1,70
29,18	1,66
29,20	1,63
29,23	1,59
29,25	1,56
29,27	1,55
29,30	1,53
29,32	1,51
29,35	1,50
29,37	1,49
29,40	1,49
29,42	1,48
29,45	1,45
29,47	1,43
29,49	1,42
29,52	1,40
29,54	1,39
29,57	1,38
29,59	1,38
29,62	1,37
29,64	1,38
29,67	1,39
29,69	1,39
29,71	1,39
29,74	1,39
29,76	1,39
29,79	1,40
29,81	1,40
29,84	1,40
29,86	1,42
29,89	1,42
29,91	1,45
29,93	1,47
29,96	1,48
29,98	1,51
30,01	1,55
30,03	1,58
30,06	1,61
30,08	1,64
30,10	1,66
30,13	1,72
30,15	1,75
30,18	1,76
30,20	1,82
30,23	1,85
30,25	1,90
30,28	1,95
30,30	1,99
30,32	2,05
30,35	2,11
30,37	2,16
30,40	2,23
30,42	2,31
30,45	2,38
30,47	2,44
30,50	2,51
30,52	2,57
30,54	2,65
30,57	2,71
30,59	2,79
30,62	2,86
30,64	2,94
30,67	3,04
30,69	3,12
30,72	3,22
30,74	3,35
30,76	3,44
30,79	3,55
30,81	3,65
30,84	3,73
30,86	3,85
30,89	3,94
30,91	4,02
30,94	4,12
30,96	4,21
30,98	4,32
31,01	4,45
31,03	4,56
31,06	4,69
31,08	4,81
31,11	4,92
31,13	5,03
31,15	5,13
31,18	5,23
31,20	5,32
31,23	5,41
31,25	5,50
31,28	5,59
31,30	5,70
31,33	5,81
31,35	5,91
31,37	6,01
31,40	6,11
31,42	6,18
31,45	6,26
31,47	6,35
31,50	6,43
31,52	6,51
31,55	6,58
31,57	6,64
31,59	6,73
31,62	6,80
31,64	6,86
31,67	6,92
31,69	6,97
31,72	7,04
31,74	7,09
31,77	7,13
31,79	7,16
31,81	7,20
31,84	7,23
31,86	7,28
31,89	7,30
31,91	7,33
31,94	7,35
31,96	7,38
31,99	7,39
32,01	7,40
32,03	7,41
32,06	7,40
32,08	7,40
32,11	7,39
32,13	7,39
32,16	7,36
32,18	7,34
32,20	7,34
32,23	7,33
32,25	7,30
32,28	7,27
32,30	7,23
32,33	7,21
32,35	7,17
32,38	7,11
32,40	7,07
32,42	7,02
32,45	6,97
32,47	6,93
32,50	6,88
32,52	6,82
32,55	6,76
32,57	6,69
32,60	6,64
32,62	6,57
32,64	6,50
32,67	6,43
32,69	6,35
32,72	6,28
32,74	6,21
32,77	6,14
32,79	6,07
32,82	6,00
32,84	5,92
32,86	5,84
32,89	5,76
32,91	5,68
32,94	5,61
32,96	5,52
32,99	5,43
33,01	5,34
33,04	5,25
33,06	5,19
33,08	5,11
33,11	5,02
33,13	4,96
33,16	4,87
33,18	4,80
33,21	4,73
33,23	4,63
33,26	4,55
33,28	4,45
33,30	4,36
33,33	4,29
33,35	4,19
33,38	4,12
33,40	4,04
33,43	3,97
33,45	3,90
33,47	3,85
33,50	3,77
33,52	3,70
33,55	3,63
33,57	3,54
33,60	3,47
33,62	3,38
33,65	3,30
33,67	3,23
33,69	3,16
33,72	3,10
33,74	3,04
33,77	2,99
33,79	2,96
33,82	2,90
33,84	2,86
33,87	2,79
33,89	2,72
33,91	2,66
33,94	2,60
33,96	2,53
33,99	2,47
34,01	2,42
34,04	2,38
34,06	2,36
34,09	2,32
34,11	2,29
34,13	2,26
34,16	2,22
34,18	2,19
34,21	2,16
34,23	2,12
34,26	2,09
34,28	2,05
34,31	2,02
34,33	2,01
34,35	1,99
34,38	1,97
34,40	1,95
34,43	1,95
34,45	1,94
34,48	1,93
34,50	1,92
34,52	1,94
34,55	1,94
34,57	1,94
34,60	1,94
34,62	1,93
34,65	1,94
34,67	1,95
34,70	1,94
34,72	1,96
34,74	1,97
34,77	1,99
34,79	2,04
34,82	2,06
34,84	2,09
34,87	2,12
34,89	2,16
34,92	2,21
34,94	2,25
34,96	2,29
34,99	2,33
35,01	2,38
35,04	2,42
35,06	2,48
35,09	2,53
35,11	2,60
35,14	2,66
35,16	2,73
35,18	2,83
35,21	2,91
35,23	2,99
35,26	3,10
35,28	3,19
35,31	3,27
35,33	3,35
35,36	3,42
35,38	3,51
35,40	3,61
35,43	3,69
35,45	3,80
35,48	3,91
35,50	4,04
35,53	4,20
35,55	4,33
35,57	4,48
35,60	4,61
35,62	4,74
35,65	4,88
35,67	5,00
35,70	5,13
35,72	5,27
35,75	5,39
35,77	5,53
35,79	5,69
35,82	5,86
35,84	6,02
35,87	6,19
35,89	6,35
35,92	6,53
35,94	6,68
35,97	6,82
35,99	6,99
36,01	7,14
36,04	7,28
36,06	7,43
36,09	7,55
36,11	7,70
36,14	7,86
36,16	8,01
36,19	8,17
36,21	8,32
36,23	8,48
36,26	8,66
36,28	8,81
36,31	8,94
36,33	9,06
36,36	9,18
36,38	9,30
36,41	9,40
36,43	9,52
36,45	9,64
36,48	9,75
36,50	9,86
36,53	9,98
36,55	10,09
36,58	10,20
36,60	10,28
36,62	10,36
36,65	10,44
36,67	10,51
36,70	10,58
36,72	10,65
36,75	10,71
36,77	10,77
36,80	10,82
36,82	10,86
36,84	10,90
36,87	10,93
36,89	10,94
36,92	10,96
36,94	10,96
36,97	10,97
36,99	11,01
37,02	11,01
37,04	11,00
37,06	11,01
37,09	10,98
37,11	10,99
37,14	10,97
37,16	10,92
37,19	10,88
37,21	10,84
37,24	10,80
37,26	10,78
37,28	10,73
37,31	10,68
37,33	10,61
37,36	10,56
37,38	10,49
37,41	10,41
37,43	10,32
37,46	10,24
37,48	10,14
37,50	10,05
37,53	9,95
37,55	9,85
37,58	9,78
37,60	9,69
37,63	9,59
37,65	9,51
37,68	9,40
37,70	9,30
37,72	9,21
37,75	9,08
37,77	8,96
37,80	8,83
37,82	8,70
37,85	8,58
37,87	8,47
37,89	8,34
37,92	8,23
37,94	8,12
37,97	8,01
37,99	7,91
38,02	7,80
38,04	7,68
38,07	7,54
38,09	7,40
38,11	7,29
38,14	7,15
38,16	7,01
38,19	6,90
38,21	6,78
38,24	6,68
38,26	6,56
38,29	6,44
38,31	6,33
38,33	6,21
38,36	6,08
38,38	5,96
38,41	5,82
38,43	5,70
38,46	5,60
38,48	5,48
38,51	5,38
38,53	5,28
38,55	5,17
38,58	5,09
38,60	4,99
38,63	4,88
38,65	4,79
38,68	4,69
38,70	4,59
38,73	4,49
38,75	4,41
38,77	4,31
38,80	4,22
38,82	4,13
38,85	4,06
38,87	3,99
38,90	3,91
38,92	3,84
38,94	3,77
38,97	3,70
38,99	3,63
39,02	3,55
39,04	3,49
39,07	3,41
39,09	3,34
39,12	3,29
39,14	3,23
39,16	3,19
39,19	3,18
39,21	3,14
39,24	3,11
39,26	3,08
39,29	3,04
39,31	3,03
39,34	3,00
39,36	2,94
39,38	2,93
39,41	2,89
39,43	2,88
39,46	2,88
39,48	2,88
39,51	2,88
39,53	2,89
39,56	2,90
39,58	2,92
39,60	2,93
39,63	2,94
39,65	2,96
39,68	2,99
39,70	3,01
39,73	3,05
39,75	3,09
39,78	3,14
39,80	3,18
39,82	3,22
39,85	3,28
39,87	3,31
39,90	3,36
39,92	3,43
39,95	3,49
39,97	3,58
39,99	3,66
40,02	3,75
40,04	3,86
40,07	3,97
40,09	4,07
40,12	4,16
40,14	4,25
40,17	4,35
40,19	4,46
40,21	4,57
40,24	4,68
40,26	4,80
40,29	4,93
40,31	5,10
40,34	5,25
40,36	5,39
40,39	5,56
40,41	5,72
40,43	5,87
40,46	6,02
40,48	6,17
40,51	6,33
40,53	6,51
40,56	6,67
40,58	6,83
40,61	7,02
40,63	7,22
40,65	7,44
40,68	7,66
40,70	7,88
40,73	8,11
40,75	8,33
40,78	8,53
40,80	8,74
40,83	8,92
40,85	9,11
40,87	9,28
40,90	9,49
40,92	9,70
40,95	9,92
40,97	10,14
41,00	10,36
41,02	10,59
41,05	10,82
41,07	11,04
41,09	11,22
41,12	11,42
41,14	11,61
41,17	11,80
41,19	12,01
41,22	12,19
41,24	12,38
41,26	12,60
41,29	12,80
41,31	13,00
41,34	13,18
41,36	13,36
41,39	13,55
41,41	13,70
41,44	13,86
41,46	14,00
41,48	14,14
41,51	14,29
41,53	14,44
41,56	14,56
41,58	14,69
41,61	14,82
41,63	14,96
41,66	15,10
41,68	15,22
41,70	15,32
41,73	15,41
41,75	15,49
41,78	15,57
41,80	15,63
41,83	15,67
41,85	15,71
41,88	15,75
41,90	15,80
41,92	15,85
41,95	15,87
41,97	15,90
42,00	15,91
42,02	15,92
42,05	15,93
42,07	15,90
42,10	15,89
42,12	15,86
42,14	15,84
42,17	15,80
42,19	15,76
42,22	15,72
42,24	15,68
42,27	15,61
42,29	15,54
42,31	15,45
42,34	15,34
42,36	15,26
42,39	15,19
42,41	15,11
42,44	15,01
42,46	14,91
42,49	14,81
42,51	14,71
42,53	14,57
42,56	14,41
42,58	14,26
42,61	14,10
42,63	13,95
42,66	13,80
42,68	13,64
42,71	13,52
42,73	13,36
42,75	13,21
42,78	13,08
42,80	12,91
42,83	12,75
42,85	12,61
42,88	12,42
42,90	12,25
42,93	12,07
42,95	11,89
42,97	11,73
43,00	11,54
43,02	11,38
43,05	11,22
43,07	11,06
43,10	10,89
43,12	10,74
43,15	10,55
43,17	10,38
43,19	10,20
43,22	10,01
43,24	9,86
43,27	9,67
43,29	9,48
43,32	9,33
43,34	9,17
43,36	9,02
43,39	8,87
43,41	8,70
43,44	8,55
43,46	8,41
43,49	8,26
43,51	8,11
43,54	7,94
43,56	7,78
43,58	7,65
43,61	7,50
43,63	7,34
43,66	7,23
43,68	7,09
43,71	6,97
43,73	6,85
43,76	6,72
43,78	6,61
43,80	6,47
43,83	6,34
43,85	6,23
43,88	6,13
43,90	6,01
43,93	5,90
43,95	5,80
43,98	5,73
44,00	5,64
44,02	5,54
44,05	5,46
44,07	5,37
44,10	5,30
44,12	5,24
44,15	5,16
44,17	5,10
44,20	5,02
44,22	4,96
44,24	4,93
44,27	4,87
44,29	4,82
44,32	4,78
44,34	4,75
44,37	4,73
44,39	4,71
44,41	4,69
44,44	4,68
44,46	4,67
44,49	4,66
44,51	4,67
44,54	4,65
44,56	4,66
44,59	4,69
44,61	4,70
44,63	4,72
44,66	4,74
44,68	4,77
44,71	4,85
44,73	4,89
44,76	4,92
44,78	4,99
44,81	5,05
44,83	5,13
44,85	5,21
44,88	5,29
44,90	5,38
44,93	5,49
44,95	5,60
44,98	5,71
45,00	5,81
45,03	5,92
45,05	6,03
45,07	6,15
45,10	6,28
45,12	6,42
45,15	6,58
45,17	6,74
45,20	6,92
45,22	7,09
45,25	7,29
45,27	7,44
45,29	7,60
45,32	7,79
45,34	7,98
45,37	8,17
45,39	8,36
45,42	8,55
45,44	8,81
45,47	9,06
45,49	9,27
45,51	9,52
45,54	9,77
45,56	10,05
45,59	10,28
45,61	10,50
45,64	10,74
45,66	10,99
45,68	11,23
45,71	11,48
45,73	11,73
45,76	12,03
45,78	12,32
45,81	12,63
45,83	12,95
45,86	13,27
45,88	13,58
45,90	13,86
45,93	14,11
45,95	14,36
45,98	14,64
46,00	14,91
46,03	15,16
46,05	15,45
46,08	15,75
46,10	16,07
46,12	16,37
46,15	16,66
46,17	16,96
46,20	17,25
46,22	17,47
46,25	17,70
46,27	17,93
46,30	18,16
46,32	18,39
46,34	18,60
46,37	18,83
46,39	19,08
46,42	19,34
46,44	19,61
46,47	19,84
46,49	20,06
46,52	20,28
46,54	20,47
46,56	20,67
46,59	20,82
46,61	20,99
46,64	21,18
46,66	21,34
46,69	21,47
46,71	21,63
46,73	21,77
46,76	21,94
46,78	22,06
46,81	22,17
46,83	22,29
46,86	22,40
46,88	22,49
46,91	22,59
46,93	22,65
46,95	22,71
46,98	22,76
47,00	22,77
47,03	22,81
47,05	22,84
47,08	22,85
47,10	22,87
47,13	22,88
47,15	22,86
47,17	22,87
47,20	22,84
47,22	22,81
47,25	22,75
47,27	22,68
47,30	22,63
47,32	22,57
47,35	22,49
47,37	22,39
47,39	22,31
47,42	22,22
47,44	22,11
47,47	22,00
47,49	21,87
47,52	21,75
47,54	21,64
47,57	21,52
47,59	21,37
47,61	21,23
47,64	21,08
47,66	20,92
47,69	20,76
47,71	20,56
47,74	20,34
47,76	20,16
47,78	19,95
47,81	19,73
47,83	19,57
47,86	19,38
47,88	19,20
47,91	19,03
47,93	18,85
47,96	18,67
47,98	18,47
48,00	18,22
48,03	18,00
48,05	17,78
48,08	17,51
48,10	17,26
48,13	17,03
48,15	16,83
48,18	16,62
48,20	16,40
48,22	16,19
48,25	15,99
48,27	15,78
48,30	15,57
48,32	15,32
48,35	15,08
48,37	14,85
48,40	14,60
48,42	14,37
48,44	14,13
48,47	13,91
48,49	13,73
48,52	13,54
48,54	13,34
48,57	13,16
48,59	12,97
48,62	12,79
48,64	12,59
48,66	12,37
48,69	12,17
48,71	11,96
48,74	11,74
48,76	11,55
48,79	11,40
48,81	11,22
48,84	11,07
48,86	10,91
48,88	10,75
48,91	10,64
48,93	10,48
48,96	10,32
48,98	10,16
49,01	10,01
49,03	9,87
49,05	9,72
49,08	9,58
49,10	9,48
49,13	9,38
49,15	9,28
49,18	9,18
49,20	9,09
49,23	9,02
49,25	8,94
49,27	8,85
49,30	8,76
49,32	8,68
49,35	8,61
49,37	8,56
49,40	8,51
49,42	8,47
49,45	8,43
49,47	8,41
49,49	8,40
49,52	8,39
49,54	8,38
49,57	8,38
49,59	8,38
49,62	8,41
49,64	8,43
49,67	8,47
49,69	8,52
49,71	8,57
49,74	8,64
49,76	8,71
49,79	8,76
49,81	8,84
49,84	8,93
49,86	9,02
49,89	9,12
49,91	9,22
49,93	9,34
49,96	9,50
49,98	9,64
50,01	9,79
50,03	9,98
50,06	10,13
50,08	10,28
50,10	10,45
50,13	10,62
50,15	10,80
50,18	10,97
50,20	11,17
50,23	11,42
50,25	11,67
50,28	11,93
50,30	12,20
50,32	12,49
50,35	12,80
50,37	13,10
50,40	13,36
50,42	13,65
50,45	13,92
50,47	14,21
50,50	14,49
50,52	14,76
50,54	15,06
50,57	15,42
50,59	15,78
50,62	16,14
50,64	16,52
50,67	16,92
50,69	17,35
50,72	17,70
50,74	18,04
50,76	18,41
50,79	18,74
50,81	19,09
50,84	19,44
50,86	19,79
50,89	20,20
50,91	20,62
50,94	21,02
50,96	21,49
50,98	21,92
51,01	22,38
51,03	22,83
51,06	23,24
51,08	23,64
51,11	24,05
51,13	24,44
51,15	24,83
51,18	25,20
51,20	25,57
51,23	25,99
51,25	26,41
51,28	26,84
51,30	27,26
51,33	27,67
51,35	28,11
51,37	28,49
51,40	28,87
51,42	29,22
51,45	29,56
51,47	29,93
51,50	30,28
51,52	30,57
51,55	30,93
51,57	31,32
51,59	31,68
51,62	32,01
51,64	32,33
51,67	32,65
51,69	32,96
51,72	33,20
51,74	33,45
51,77	33,70
51,79	33,93
51,81	34,16
51,84	34,39
51,86	34,62
51,89	34,87
51,91	35,09
51,94	35,29
51,96	35,50
51,99	35,66
52,01	35,78
52,03	35,91
52,06	36,01
52,08	36,11
52,11	36,21
52,13	36,30
52,16	36,40
52,18	36,50
52,20	36,58
52,23	36,66
52,25	36,69
52,28	36,71
52,30	36,71
52,33	36,69
52,35	36,68
52,38	36,64
52,40	36,60
52,42	36,57
52,45	36,51
52,47	36,41
52,50	36,34
52,52	36,24
52,55	36,14
52,57	36,00
52,60	35,86
52,62	35,72
52,64	35,59
52,67	35,43
52,69	35,28
52,72	35,14
52,74	34,99
52,77	34,83
52,79	34,67
52,82	34,47
52,84	34,24
52,86	34,00
52,89	33,76
52,91	33,51
52,94	33,24
52,96	32,98
52,99	32,74
53,01	32,52
53,04	32,29
53,06	32,03
53,08	31,81
53,11	31,55
53,13	31,28
53,16	31,00
53,18	30,70
53,21	30,40
53,23	30,09
53,26	29,79
53,28	29,51
53,30	29,25
53,33	28,97
53,35	28,70
53,38	28,43
53,40	28,16
53,43	27,89
53,45	27,63
53,47	27,33
53,50	27,03
53,52	26,74
53,55	26,45
53,57	26,15
53,60	25,86
53,62	25,60
53,65	25,35
53,67	25,07
53,69	24,81
53,72	24,53
53,74	24,29
53,77	24,03
53,79	23,74
53,82	23,47
53,84	23,20
53,87	22,95
53,89	22,72
53,91	22,47
53,94	22,28
53,96	22,09
53,99	21,91
54,01	21,73
54,04	21,54
54,06	21,36
54,09	21,18
54,11	20,97
54,13	20,76
54,16	20,60
54,18	20,44
54,21	20,28
54,23	20,14
54,26	20,03
54,28	19,93
54,31	19,83
54,33	19,72
54,35	19,63
54,38	19,55
54,40	19,44
54,43	19,36
54,45	19,27
54,48	19,21
54,50	19,15
54,52	19,11
54,55	19,10
54,57	19,11
54,60	19,11
54,62	19,16
54,65	19,18
54,67	19,22
54,70	19,29
54,72	19,34
54,74	19,45
54,77	19,54
54,79	19,64
54,82	19,77
54,84	19,91
54,87	20,06
54,89	20,22
54,92	20,36
54,94	20,54
54,96	20,72
54,99	20,92
55,01	21,14
55,04	21,36
55,06	21,61
55,09	21,91
55,11	22,20
55,14	22,52
55,16	22,87
55,18	23,22
55,21	23,61
55,23	23,96
55,26	24,28
55,28	24,67
55,31	25,04
55,33	25,41
55,36	25,82
55,38	26,23
55,40	26,70
55,43	27,20
55,45	27,71
55,48	28,25
55,50	28,83
55,53	29,39
55,55	29,93
55,57	30,48
55,60	31,03
55,62	31,60
55,65	32,17
55,67	32,77
55,70	33,35
55,72	34,01
55,75	34,71
55,77	35,42
55,79	36,14
55,82	36,89
55,84	37,65
55,87	38,35
55,89	39,01
55,92	39,73
55,94	40,47
55,97	41,20
55,99	41,93
56,01	42,69
56,04	43,59
56,06	44,47
56,09	45,33
56,11	46,22
56,14	47,11
56,16	47,93
56,19	48,57
56,21	49,09
56,23	49,54
56,26	49,82
56,28	49,97
56,31	49,99
56,33	49,99
56,36	49,99
56,38	49,99
56,41	49,99
56,43	49,99
56,45	49,99
56,48	49,99
56,50	49,99
56,53	49,99
56,55	49,99
56,58	49,99
56,60	49,99
56,62	49,99
56,65	49,99
56,67	49,99
56,70	49,99
56,72	49,99
56,75	49,99
56,77	49,99
56,80	49,99
56,82	49,99
56,84	49,99
56,87	49,99
56,89	49,99
56,92	49,99
56,94	49,99
56,97	49,99
56,99	49,99
57,02	49,99
57,04	49,99
57,06	49,99
57,09	49,99
57,11	49,99
57,14	49,99
57,16	49,99
57,19	49,99
57,21	49,99
57,24	49,99
57,26	49,99
57,28	49,99
57,31	49,99
57,33	49,99
57,36	49,99
57,38	49,99
57,41	49,99
57,43	49,99
57,46	49,99
57,48	49,99
57,50	49,99
57,53	49,99
57,55	49,99
57,58	49,99
57,60	49,99
57,63	49,99
57,65	49,99
57,68	49,99
57,70	49,99
57,72	49,99
57,75	49,99
57,77	49,99
57,80	49,99
57,82	49,99
57,85	49,99
57,87	49,99
57,89	49,99
57,92	49,99
57,94	49,99
57,97	49,99
57,99	49,99
58,02	49,99
58,04	49,99
58,07	49,99
58,09	49,99
58,11	49,99
58,14	49,99
58,16	49,99
58,19	49,99
58,21	49,99
58,24	49,99
58,26	49,99
58,29	49,99
58,31	49,99
58,33	49,99
58,36	49,99
58,38	49,99
58,41	49,99
58,43	49,99
58,46	49,99
58,48	49,99
58,51	49,99
58,53	49,99
58,55	49,99
58,58	49,99
58,60	49,99
58,63	49,99
58,65	49,99
58,68	49,99
58,70	49,99
58,73	49,99
58,75	49,99
58,77	49,99
58,80	49,99
58,82	49,99
58,85	49,99
58,87	49,99
58,90	49,99
58,92	49,99
58,94	49,99
58,97	49,99
58,99	49,99
59,02	49,99
59,04	49,99
59,07	49,99
59,09	49,99
59,12	49,99
59,14	49,99
59,16	49,99
59,19	49,99
59,21	49,99
59,24	49,99
59,26	49,99
59,29	49,99
59,31	49,99
59,34	49,99
59,36	49,99
59,38	49,99
59,41	49,99
59,43	49,99
59,46	49,99
59,48	49,99
59,51	49,99
59,53	49,99
59,56	49,99
59,58	49,99
59,60	49,99
59,63	49,99
59,65	49,99
59,68	49,99
59,70	49,99
59,73	49,99
59,75	49,99
59,78	49,99
59,80	49,99
59,82	49,99
59,85	49,99
59,87	49,99
59,90	49,99
59,92	49,99
59,95	49,99
59,97	49,99
59,99	49,99
