Spannung U1	Strom IA
U1/V	IA/nA

0,02	0,19
0,04	0,19
0,07	0,20
0,09	0,22
0,12	0,22
0,14	0,19
0,17	0,19
0,19	0,19
0,21	0,19
0,24	0,19
0,26	0,17
0,29	0,18
0,31	0,19
0,34	0,18
0,36	0,20
0,39	0,20
0,41	0,19
0,43	0,19
0,46	0,19
0,48	0,19
0,51	0,19
0,53	0,18
0,56	0,18
0,58	0,18
0,61	0,18
0,63	0,18
0,65	0,16
0,68	0,17
0,70	0,19
0,73	0,19
0,75	0,20
0,78	0,20
0,80	0,20
0,83	0,22
0,85	0,22
0,87	0,20
0,90	0,20
0,92	0,20
0,95	0,19
0,97	0,19
1,00	0,18
1,02	0,18
1,05	0,18
1,07	0,18
1,09	0,20
1,12	0,20
1,14	0,20
1,17	0,20
1,19	0,20
1,22	0,20
1,24	0,21
1,26	0,20
1,29	0,19
1,31	0,19
1,34	0,19
1,36	0,19
1,39	0,17
1,41	0,16
1,44	0,19
1,46	0,19
1,48	0,19
1,51	0,19
1,53	0,20
1,56	0,22
1,58	0,22
1,61	0,20
1,63	0,20
1,66	0,18
1,68	0,18
1,70	0,18
1,73	0,17
1,75	0,17
1,78	0,18
1,80	0,18
1,83	0,21
1,85	0,20
1,88	0,20
1,90	0,20
1,92	0,20
1,95	0,20
1,97	0,20
2,00	0,19
2,02	0,20
2,05	0,19
2,07	0,18
2,10	0,19
2,12	0,19
2,14	0,19
2,17	0,20
2,19	0,19
2,22	0,20
2,24	0,21
2,27	0,20
2,29	0,22
2,31	0,22
2,34	0,21
2,36	0,21
2,39	0,19
2,41	0,19
2,44	0,19
2,46	0,17
2,49	0,17
2,51	0,15
2,53	0,15
2,56	0,18
2,58	0,18
2,61	0,18
2,63	0,19
2,66	0,18
2,68	0,19
2,71	0,20
2,73	0,19
2,75	0,18
2,78	0,18
2,80	0,18
2,83	0,19
2,85	0,19
2,88	0,18
2,90	0,20
2,93	0,21
2,95	0,20
2,97	0,20
3,00	0,20
3,02	0,21
3,05	0,21
3,07	0,20
3,10	0,20
3,12	0,19
3,15	0,20
3,17	0,20
3,19	0,19
3,22	0,19
3,24	0,18
3,27	0,17
3,29	0,20
3,32	0,19
3,34	0,19
3,36	0,18
3,39	0,18
3,41	0,19
3,44	0,19
3,46	0,19
3,49	0,19
3,51	0,19
3,54	0,19
3,56	0,19
3,58	0,19
3,61	0,19
3,63	0,20
3,66	0,19
3,68	0,20
3,71	0,20
3,73	0,20
3,76	0,20
3,78	0,21
3,80	0,20
3,83	0,20
3,85	0,18
3,88	0,18
3,90	0,18
3,93	0,17
3,95	0,17
3,98	0,17
4,00	0,17
4,02	0,20
4,05	0,20
4,07	0,20
4,10	0,20
4,12	0,20
4,15	0,20
4,17	0,20
4,20	0,19
4,22	0,19
4,24	0,19
4,27	0,19
4,29	0,20
4,32	0,20
4,34	0,20
4,37	0,20
4,39	0,19
4,42	0,20
4,44	0,20
4,46	0,20
4,49	0,21
4,51	0,22
4,54	0,22
4,56	0,22
4,59	0,20
4,61	0,21
4,63	0,20
4,66	0,18
4,68	0,18
4,71	0,17
4,73	0,17
4,76	0,19
4,78	0,18
4,81	0,18
4,83	0,19
4,85	0,18
4,88	0,19
4,90	0,19
4,93	0,18
4,95	0,19
4,98	0,18
5,00	0,18
5,03	0,18
5,05	0,18
5,07	0,19
5,10	0,19
5,12	0,19
5,15	0,19
5,17	0,19
5,20	0,19
5,22	0,20
5,25	0,20
5,27	0,21
5,29	0,21
5,32	0,19
5,34	0,20
5,37	0,19
5,39	0,17
5,42	0,17
5,44	0,16
5,47	0,16
5,49	0,19
5,51	0,19
5,54	0,19
5,56	0,19
5,59	0,19
5,61	0,20
5,64	0,21
5,66	0,19
5,68	0,19
5,71	0,18
5,73	0,18
5,76	0,19
5,78	0,19
5,81	0,19
5,83	0,19
5,86	0,19
5,88	0,20
5,90	0,19
5,93	0,19
5,95	0,21
5,98	0,20
6,00	0,19
6,03	0,19
6,05	0,17
6,08	0,17
6,10	0,17
6,12	0,16
6,15	0,17
6,17	0,16
6,20	0,17
6,22	0,20
6,25	0,20
6,27	0,20
6,30	0,20
6,32	0,20
6,34	0,20
6,37	0,20
6,39	0,19
6,42	0,20
6,44	0,20
6,47	0,20
6,49	0,20
6,52	0,21
6,54	0,20
6,56	0,20
6,59	0,20
6,61	0,20
6,64	0,20
6,66	0,19
6,69	0,21
6,71	0,21
6,73	0,21
6,76	0,21
6,78	0,20
6,81	0,21
6,83	0,20
6,86	0,18
6,88	0,18
6,91	0,17
6,93	0,17
6,95	0,19
6,98	0,19
7,00	0,20
7,03	0,20
7,05	0,20
7,08	0,21
7,10	0,20
7,13	0,19
7,15	0,18
7,17	0,17
7,20	0,18
7,22	0,19
7,25	0,18
7,27	0,19
7,30	0,19
7,32	0,19
7,35	0,20
7,37	0,20
7,39	0,19
7,42	0,21
7,44	0,21
7,47	0,21
7,49	0,21
7,52	0,20
7,54	0,20
7,57	0,20
7,59	0,18
7,61	0,18
7,64	0,17
7,66	0,17
7,69	0,19
7,71	0,19
7,74	0,20
7,76	0,21
7,78	0,21
7,81	0,22
7,83	0,23
7,86	0,20
7,88	0,20
7,91	0,19
7,93	0,19
7,96	0,20
7,98	0,20
8,00	0,20
8,03	0,20
8,05	0,21
8,08	0,22
8,10	0,21
8,13	0,21
8,15	0,21
8,18	0,20
8,20	0,20
8,22	0,20
8,25	0,20
8,27	0,20
8,30	0,20
8,32	0,20
8,35	0,21
8,37	0,20
8,40	0,20
8,42	0,22
8,44	0,22
8,47	0,22
8,49	0,22
8,52	0,21
8,54	0,22
8,57	0,22
8,59	0,20
8,62	0,20
8,64	0,20
8,66	0,20
8,69	0,20
8,71	0,20
8,74	0,21
8,76	0,20
8,79	0,20
8,81	0,21
8,84	0,21
8,86	0,20
8,88	0,20
8,91	0,20
8,93	0,21
8,96	0,21
8,98	0,20
9,01	0,21
9,03	0,21
9,05	0,20
9,08	0,20
9,10	0,19
9,13	0,19
9,15	0,21
9,18	0,21
9,20	0,21
9,23	0,22
9,25	0,22
9,27	0,23
9,30	0,23
9,32	0,21
9,35	0,21
9,37	0,20
9,40	0,21
9,42	0,22
9,45	0,22
9,47	0,22
9,49	0,22
9,52	0,22
9,54	0,24
9,57	0,23
9,59	0,22
9,62	0,22
9,64	0,22
9,67	0,22
9,69	0,22
9,71	0,21
9,74	0,21
9,76	0,21
9,79	0,21
9,81	0,21
9,84	0,19
9,86	0,19
9,89	0,20
9,91	0,21
9,93	0,20
9,96	0,21
9,98	0,21
10,01	0,23
10,03	0,24
10,06	0,22
10,08	0,21
10,10	0,21
10,13	0,20
10,15	0,21
10,18	0,21
10,20	0,21
10,23	0,22
10,25	0,22
10,28	0,24
10,30	0,24
10,32	0,23
10,35	0,23
10,37	0,22
10,40	0,22
10,42	0,23
10,45	0,22
10,47	0,22
10,50	0,22
10,52	0,22
10,54	0,23
10,57	0,21
10,59	0,21
10,62	0,22
10,64	0,22
10,67	0,22
10,69	0,22
10,72	0,22
10,74	0,24
10,76	0,23
10,79	0,22
10,81	0,22
10,84	0,21
10,86	0,20
10,89	0,22
10,91	0,21
10,94	0,21
10,96	0,22
10,98	0,22
11,01	0,24
11,03	0,24
11,06	0,23
11,08	0,24
11,11	0,23
11,13	0,23
11,15	0,22
11,18	0,21
11,20	0,21
11,23	0,21
11,25	0,21
11,28	0,22
11,30	0,21
11,33	0,21
11,35	0,22
11,37	0,21
11,40	0,22
11,42	0,22
11,45	0,22
11,47	0,23
11,50	0,23
11,52	0,23
11,55	0,23
11,57	0,22
11,59	0,22
11,62	0,23
11,64	0,24
11,67	0,25
11,69	0,24
11,72	0,25
11,74	0,27
11,77	0,26
11,79	0,25
11,81	0,25
11,84	0,24
11,86	0,25
11,89	0,25
11,91	0,25
11,94	0,25
11,96	0,24
11,99	0,24
12,01	0,26
12,03	0,24
12,06	0,24
12,08	0,23
12,11	0,24
12,13	0,25
12,16	0,25
12,18	0,24
12,21	0,25
12,23	0,25
12,25	0,25
12,28	0,25
12,30	0,23
12,33	0,24
12,35	0,26
12,38	0,27
12,40	0,27
12,42	0,27
12,45	0,28
12,47	0,30
12,50	0,29
12,52	0,28
12,55	0,28
12,57	0,26
12,60	0,26
12,62	0,26
12,64	0,26
12,67	0,26
12,69	0,26
12,72	0,26
12,74	0,28
12,77	0,27
12,79	0,28
12,82	0,27
12,84	0,27
12,86	0,27
12,89	0,26
12,91	0,26
12,94	0,27
12,96	0,27
12,99	0,27
13,01	0,27
13,04	0,26
13,06	0,25
13,08	0,27
13,11	0,27
13,13	0,28
13,16	0,28
13,18	0,28
13,21	0,30
13,23	0,30
13,26	0,29
13,28	0,29
13,30	0,29
13,33	0,29
13,35	0,29
13,38	0,29
13,40	0,29
13,43	0,29
13,45	0,28
13,47	0,30
13,50	0,29
13,52	0,29
13,55	0,29
13,57	0,30
13,60	0,30
13,62	0,30
13,65	0,30
13,67	0,31
13,69	0,31
13,72	0,31
13,74	0,30
13,77	0,28
13,79	0,28
13,82	0,29
13,84	0,29
13,87	0,29
13,89	0,29
13,91	0,29
13,94	0,32
13,96	0,32
13,99	0,30
14,01	0,30
14,04	0,29
14,06	0,29
14,09	0,30
14,11	0,29
14,13	0,29
14,16	0,28
14,18	0,28
14,21	0,29
14,23	0,29
14,26	0,29
14,28	0,29
14,31	0,29
14,33	0,29
14,35	0,29
14,38	0,29
14,40	0,28
14,43	0,28
14,45	0,27
14,48	0,27
14,50	0,26
14,52	0,26
14,55	0,28
14,57	0,28
14,60	0,28
14,62	0,29
14,65	0,28
14,67	0,31
14,70	0,31
14,72	0,30
14,74	0,29
14,77	0,28
14,79	0,27
14,82	0,28
14,84	0,27
14,87	0,27
14,89	0,26
14,92	0,27
14,94	0,28
14,96	0,29
14,99	0,28
15,01	0,28
15,04	0,28
15,06	0,28
15,09	0,28
15,11	0,28
15,14	0,28
15,16	0,28
15,18	0,27
15,21	0,27
15,23	0,26
15,26	0,25
15,28	0,27
15,31	0,27
15,33	0,27
15,36	0,27
15,38	0,27
15,40	0,30
15,43	0,30
15,45	0,28
15,48	0,28
15,50	0,27
15,53	0,27
15,55	0,27
15,57	0,26
15,60	0,26
15,62	0,25
15,65	0,25
15,67	0,27
15,70	0,27
15,72	0,27
15,75	0,28
15,77	0,28
15,79	0,29
15,82	0,29
15,84	0,28
15,87	0,28
15,89	0,27
15,92	0,27
15,94	0,27
15,97	0,27
15,99	0,27
16,01	0,28
16,04	0,29
16,06	0,30
16,09	0,30
16,11	0,31
16,14	0,32
16,16	0,32
16,19	0,30
16,21	0,29
16,23	0,28
16,26	0,29
16,28	0,29
16,31	0,28
16,33	0,28
16,36	0,28
16,38	0,29
16,41	0,31
16,43	0,32
16,45	0,32
16,48	0,32
16,50	0,32
16,53	0,33
16,55	0,34
16,58	0,33
16,60	0,33
16,63	0,34
16,65	0,34
16,67	0,35
16,70	0,35
16,72	0,36
16,75	0,37
16,77	0,37
16,80	0,37
16,82	0,38
16,84	0,38
16,87	0,40
16,89	0,40
16,92	0,40
16,94	0,41
16,97	0,39
16,99	0,40
17,02	0,40
17,04	0,39
17,06	0,40
17,09	0,40
17,11	0,40
17,14	0,42
17,16	0,43
17,19	0,43
17,21	0,43
17,24	0,43
17,26	0,44
17,28	0,44
17,31	0,44
17,33	0,44
17,36	0,44
17,38	0,45
17,41	0,45
17,43	0,44
17,46	0,45
17,48	0,45
17,50	0,45
17,53	0,46
17,55	0,46
17,58	0,46
17,60	0,48
17,63	0,48
17,65	0,48
17,68	0,47
17,70	0,45
17,72	0,46
17,75	0,45
17,77	0,43
17,80	0,44
17,82	0,43
17,85	0,43
17,87	0,47
17,89	0,46
17,92	0,46
17,94	0,47
17,97	0,46
17,99	0,47
18,02	0,47
18,04	0,45
18,07	0,45
18,09	0,45
18,11	0,45
18,14	0,46
18,16	0,47
18,19	0,47
18,21	0,47
18,24	0,47
18,26	0,47
18,29	0,47
18,31	0,47
18,33	0,48
18,36	0,48
18,38	0,48
18,41	0,48
18,43	0,46
18,46	0,46
18,48	0,45
18,51	0,43
18,53	0,44
18,55	0,42
18,58	0,42
18,60	0,44
18,63	0,44
18,65	0,44
18,68	0,44
18,70	0,43
18,73	0,44
18,75	0,44
18,77	0,42
18,80	0,42
18,82	0,42
18,85	0,42
18,87	0,42
18,90	0,41
18,92	0,41
18,94	0,41
18,97	0,42
18,99	0,42
19,02	0,41
19,04	0,41
19,07	0,43
19,09	0,43
19,12	0,42
19,14	0,42
19,16	0,40
19,19	0,39
19,21	0,38
19,24	0,36
19,26	0,36
19,29	0,35
19,31	0,35
19,34	0,38
19,36	0,38
19,38	0,38
19,41	0,37
19,43	0,36
19,46	0,36
19,48	0,35
19,51	0,34
19,53	0,34
19,56	0,33
19,58	0,32
19,60	0,34
19,63	0,34
19,65	0,34
19,68	0,34
19,70	0,34
19,73	0,36
19,75	0,36
19,78	0,35
19,80	0,36
19,82	0,36
19,85	0,35
19,87	0,35
19,90	0,32
19,92	0,32
19,95	0,31
19,97	0,30
19,99	0,30
20,02	0,29
20,04	0,28
20,07	0,31
20,09	0,30
20,12	0,31
20,14	0,30
20,17	0,30
20,19	0,32
20,21	0,32
20,24	0,31
20,26	0,31
20,29	0,30
20,31	0,31
20,34	0,31
20,36	0,31
20,39	0,30
20,41	0,30
20,43	0,30
20,46	0,31
20,48	0,30
20,51	0,30
20,53	0,31
20,56	0,31
20,58	0,31
20,61	0,31
20,63	0,32
20,65	0,33
20,68	0,32
20,70	0,31
20,73	0,32
20,75	0,31
20,78	0,31
20,80	0,33
20,83	0,34
20,85	0,34
20,87	0,36
20,90	0,36
20,92	0,38
20,95	0,38
20,97	0,37
21,00	0,37
21,02	0,37
21,05	0,37
21,07	0,39
21,09	0,39
21,12	0,41
21,14	0,41
21,17	0,43
21,19	0,44
21,22	0,45
21,24	0,45
21,26	0,46
21,29	0,46
21,31	0,46
21,34	0,48
21,36	0,49
21,39	0,49
21,41	0,51
21,44	0,52
21,46	0,55
21,48	0,53
21,51	0,54
21,53	0,57
21,56	0,58
21,58	0,57
21,61	0,58
21,63	0,58
21,66	0,61
21,68	0,63
21,70	0,62
21,73	0,64
21,75	0,65
21,78	0,66
21,80	0,67
21,83	0,68
21,85	0,68
21,88	0,68
21,90	0,68
21,92	0,70
21,95	0,71
21,97	0,71
22,00	0,71
22,02	0,72
22,05	0,73
22,07	0,74
22,10	0,74
22,12	0,74
22,14	0,75
22,17	0,75
22,19	0,75
22,22	0,74
22,24	0,74
22,27	0,77
22,29	0,77
22,31	0,78
22,34	0,79
22,36	0,79
22,39	0,80
22,41	0,80
22,44	0,79
22,46	0,79
22,49	0,78
22,51	0,78
22,53	0,79
22,56	0,80
22,58	0,79
22,61	0,79
22,63	0,79
22,66	0,80
22,68	0,80
22,71	0,78
22,73	0,78
22,75	0,78
22,78	0,77
22,80	0,77
22,83	0,77
22,85	0,77
22,88	0,77
22,90	0,76
22,93	0,77
22,95	0,75
22,97	0,74
23,00	0,75
23,02	0,74
23,05	0,73
23,07	0,73
23,10	0,72
23,12	0,73
23,15	0,73
23,17	0,70
23,19	0,70
23,22	0,69
23,24	0,68
23,27	0,70
23,29	0,69
23,32	0,69
23,34	0,69
23,36	0,68
23,39	0,70
23,41	0,69
23,44	0,66
23,46	0,66
23,49	0,65
23,51	0,64
23,54	0,63
23,56	0,62
23,58	0,61
23,61	0,61
23,63	0,59
23,66	0,60
23,68	0,58
23,71	0,57
23,73	0,58
23,76	0,57
23,78	0,57
23,80	0,56
23,83	0,55
23,85	0,56
23,88	0,55
23,90	0,53
23,93	0,53
23,95	0,51
23,98	0,50
24,00	0,50
24,02	0,50
24,05	0,49
24,07	0,49
24,10	0,49
24,12	0,50
24,15	0,49
24,17	0,48
24,20	0,48
24,22	0,46
24,24	0,45
24,27	0,44
24,29	0,44
24,32	0,43
24,34	0,43
24,37	0,42
24,39	0,43
24,42	0,41
24,44	0,41
24,46	0,41
24,49	0,40
24,51	0,39
24,54	0,38
24,56	0,38
24,59	0,39
24,61	0,38
24,63	0,38
24,66	0,38
24,68	0,36
24,71	0,36
24,73	0,37
24,76	0,38
24,78	0,37
24,81	0,36
24,83	0,36
24,85	0,38
24,88	0,38
24,90	0,35
24,93	0,35
24,95	0,35
24,98	0,35
25,00	0,34
25,03	0,34
25,05	0,34
25,07	0,34
25,10	0,33
25,12	0,34
25,15	0,33
25,17	0,33
25,20	0,33
25,22	0,33
25,25	0,34
25,27	0,34
25,29	0,34
25,32	0,35
25,34	0,35
25,37	0,36
25,39	0,35
25,42	0,34
25,44	0,34
25,47	0,36
25,49	0,36
25,51	0,37
25,54	0,38
25,56	0,39
25,59	0,41
25,61	0,42
25,64	0,42
25,66	0,43
25,68	0,42
25,71	0,43
25,73	0,44
25,76	0,45
25,78	0,46
25,81	0,47
25,83	0,48
25,86	0,51
25,88	0,52
25,90	0,54
25,93	0,55
25,95	0,57
25,98	0,58
26,00	0,60
26,03	0,61
26,05	0,63
26,08	0,64
26,10	0,66
26,12	0,68
26,15	0,68
26,17	0,69
26,20	0,73
26,22	0,75
26,25	0,78
26,27	0,80
26,30	0,82
26,32	0,86
26,34	0,89
26,37	0,89
26,39	0,90
26,42	0,90
26,44	0,92
26,47	0,93
26,49	0,94
26,52	0,95
26,54	0,97
26,56	1,00
26,59	1,04
26,61	1,05
26,64	1,07
26,66	1,08
26,69	1,10
26,71	1,11
26,73	1,12
26,76	1,12
26,78	1,13
26,81	1,15
26,83	1,16
26,86	1,17
26,88	1,18
26,91	1,19
26,93	1,22
26,95	1,24
26,98	1,24
27,00	1,25
27,03	1,25
27,05	1,27
27,08	1,28
27,10	1,26
27,13	1,27
27,15	1,27
27,17	1,27
27,20	1,28
27,22	1,28
27,25	1,28
27,27	1,27
27,30	1,27
27,32	1,28
27,35	1,28
27,37	1,28
27,39	1,28
27,42	1,27
27,44	1,27
27,47	1,27
27,49	1,26
27,52	1,26
27,54	1,25
27,57	1,24
27,59	1,24
27,61	1,22
27,64	1,22
27,66	1,22
27,69	1,21
27,71	1,21
27,74	1,20
27,76	1,20
27,78	1,21
27,81	1,20
27,83	1,17
27,86	1,16
27,88	1,14
27,91	1,13
27,93	1,13
27,96	1,11
27,98	1,10
28,00	1,08
28,03	1,07
28,05	1,08
28,08	1,06
28,10	1,04
28,13	1,02
28,15	1,02
28,18	1,01
28,20	0,99
28,22	0,98
28,25	0,97
28,27	0,96
28,30	0,95
28,32	0,94
28,35	0,93
28,37	0,92
28,40	0,91
28,42	0,89
28,44	0,88
28,47	0,88
28,49	0,86
28,52	0,85
28,54	0,84
28,57	0,83
28,59	0,81
28,62	0,79
28,64	0,78
28,66	0,77
28,69	0,74
28,71	0,73
28,74	0,72
28,76	0,70
28,79	0,71
28,81	0,70
28,84	0,69
28,86	0,69
28,88	0,67
28,91	0,67
28,93	0,66
28,96	0,65
28,98	0,63
29,01	0,61
29,03	0,60
29,05	0,59
29,08	0,57
29,10	0,57
29,13	0,56
29,15	0,55
29,18	0,55
29,20	0,54
29,23	0,53
29,25	0,54
29,27	0,53
29,30	0,52
29,32	0,51
29,35	0,49
29,37	0,48
29,40	0,47
29,42	0,45
29,45	0,44
29,47	0,42
29,49	0,42
29,52	0,44
29,54	0,43
29,57	0,43
29,59	0,42
29,62	0,42
29,64	0,43
29,67	0,42
29,69	0,41
29,71	0,41
29,74	0,40
29,76	0,41
29,79	0,40
29,81	0,40
29,84	0,41
29,86	0,40
29,89	0,40
29,91	0,41
29,93	0,40
29,96	0,39
29,98	0,40
30,01	0,39
30,03	0,39
30,06	0,39
30,08	0,38
30,10	0,39
30,13	0,39
30,15	0,38
30,18	0,40
30,20	0,40
30,23	0,40
30,25	0,43
30,28	0,44
30,30	0,45
30,32	0,45
30,35	0,46
30,37	0,47
30,40	0,48
30,42	0,48
30,45	0,49
30,47	0,51
30,50	0,52
30,52	0,53
30,54	0,55
30,57	0,57
30,59	0,59
30,62	0,60
30,64	0,63
30,67	0,66
30,69	0,68
30,72	0,72
30,74	0,74
30,76	0,77
30,79	0,79
30,81	0,78
30,84	0,80
30,86	0,82
30,89	0,82
30,91	0,85
30,94	0,87
30,96	0,90
30,98	0,97
31,01	1,01
31,03	1,05
31,06	1,09
31,08	1,11
31,11	1,15
31,13	1,18
31,15	1,19
31,18	1,21
31,20	1,23
31,23	1,26
31,25	1,29
31,28	1,32
31,30	1,35
31,33	1,38
31,35	1,41
31,37	1,45
31,40	1,48
31,42	1,50
31,45	1,54
31,47	1,57
31,50	1,59
31,52	1,62
31,55	1,63
31,57	1,66
31,59	1,68
31,62	1,69
31,64	1,71
31,67	1,72
31,69	1,74
31,72	1,79
31,74	1,81
31,77	1,82
31,79	1,84
31,81	1,86
31,84	1,88
31,86	1,91
31,89	1,90
31,91	1,91
31,94	1,92
31,96	1,93
31,99	1,94
32,01	1,94
32,03	1,94
32,06	1,94
32,08	1,95
32,11	1,96
32,13	1,95
32,16	1,95
32,18	1,97
32,20	1,96
32,23	1,95
32,25	1,95
32,28	1,93
32,30	1,93
32,33	1,92
32,35	1,90
32,38	1,90
32,40	1,88
32,42	1,87
32,45	1,89
32,47	1,88
32,50	1,87
32,52	1,86
32,55	1,84
32,57	1,84
32,60	1,83
32,62	1,79
32,64	1,78
32,67	1,75
32,69	1,73
32,72	1,73
32,74	1,72
32,77	1,70
32,79	1,69
32,82	1,67
32,84	1,67
32,86	1,65
32,89	1,63
32,91	1,62
32,94	1,59
32,96	1,57
32,99	1,55
33,01	1,52
33,04	1,50
33,06	1,48
33,08	1,44
33,11	1,43
33,13	1,39
33,16	1,37
33,18	1,37
33,21	1,35
33,23	1,33
33,26	1,31
33,28	1,29
33,30	1,28
33,33	1,25
33,35	1,22
33,38	1,19
33,40	1,17
33,43	1,15
33,45	1,14
33,47	1,14
33,50	1,11
33,52	1,09
33,55	1,06
33,57	1,05
33,60	1,03
33,62	1,00
33,65	0,99
33,67	0,98
33,69	0,97
33,72	0,95
33,74	0,94
33,77	0,93
33,79	0,90
33,82	0,87
33,84	0,86
33,87	0,82
33,89	0,81
33,91	0,81
33,94	0,80
33,96	0,78
33,99	0,77
34,01	0,75
34,04	0,75
34,06	0,74
34,09	0,70
34,11	0,69
34,13	0,66
34,16	0,65
34,18	0,66
34,21	0,64
34,23	0,63
34,26	0,63
34,28	0,62
34,31	0,62
34,33	0,62
34,35	0,60
34,38	0,61
34,40	0,59
34,43	0,58
34,45	0,57
34,48	0,55
34,50	0,54
34,52	0,54
34,55	0,51
34,57	0,52
34,60	0,50
34,62	0,49
34,65	0,50
34,67	0,50
34,70	0,49
34,72	0,47
34,74	0,47
34,77	0,48
34,79	0,48
34,82	0,47
34,84	0,47
34,87	0,46
34,89	0,46
34,92	0,47
34,94	0,47
34,96	0,47
34,99	0,48
35,01	0,48
35,04	0,51
35,06	0,52
35,09	0,52
35,11	0,52
35,14	0,54
35,16	0,55
35,18	0,56
35,21	0,56
35,23	0,57
35,26	0,59
35,28	0,60
35,31	0,62
35,33	0,63
35,36	0,64
35,38	0,68
35,40	0,69
35,43	0,72
35,45	0,74
35,48	0,76
35,50	0,81
35,53	0,83
35,55	0,85
35,57	0,89
35,60	0,91
35,62	0,93
35,65	0,97
35,67	1,01
35,70	1,04
35,72	1,07
35,75	1,10
35,77	1,16
35,79	1,20
35,82	1,23
35,84	1,27
35,87	1,31
35,89	1,36
35,92	1,41
35,94	1,44
35,97	1,48
35,99	1,51
36,01	1,56
36,04	1,60
36,06	1,64
36,09	1,67
36,11	1,72
36,14	1,77
36,16	1,82
36,19	1,87
36,21	1,91
36,23	1,97
36,26	2,01
36,28	2,05
36,31	2,08
36,33	2,10
36,36	2,14
36,38	2,20
36,41	2,23
36,43	2,27
36,45	2,31
36,48	2,36
36,50	2,41
36,53	2,45
36,55	2,48
36,58	2,51
36,60	2,53
36,62	2,56
36,65	2,58
36,67	2,60
36,70	2,63
36,72	2,65
36,75	2,67
36,77	2,71
36,80	2,72
36,82	2,74
36,84	2,75
36,87	2,76
36,89	2,78
36,92	2,79
36,94	2,80
36,97	2,83
36,99	2,83
37,02	2,84
37,04	2,84
37,06	2,83
37,09	2,82
37,11	2,84
37,14	2,83
37,16	2,83
37,19	2,83
37,21	2,82
37,24	2,84
37,26	2,84
37,28	2,82
37,31	2,81
37,33	2,79
37,36	2,79
37,38	2,77
37,41	2,74
37,43	2,73
37,46	2,72
37,48	2,70
37,50	2,70
37,53	2,67
37,55	2,66
37,58	2,65
37,60	2,62
37,63	2,59
37,65	2,57
37,68	2,54
37,70	2,51
37,72	2,48
37,75	2,45
37,77	2,42
37,80	2,38
37,82	2,34
37,85	2,33
37,87	2,31
37,89	2,28
37,92	2,25
37,94	2,22
37,97	2,22
37,99	2,19
38,02	2,14
38,04	2,11
38,07	2,07
38,09	2,04
38,11	2,00
38,14	1,97
38,16	1,94
38,19	1,90
38,21	1,87
38,24	1,86
38,26	1,82
38,29	1,80
38,31	1,77
38,33	1,74
38,36	1,71
38,38	1,69
38,41	1,64
38,43	1,62
38,46	1,59
38,48	1,55
38,51	1,53
38,53	1,49
38,55	1,46
38,58	1,45
38,60	1,42
38,63	1,39
38,65	1,37
38,68	1,34
38,70	1,33
38,73	1,32
38,75	1,27
38,77	1,24
38,80	1,20
38,82	1,18
38,85	1,16
38,87	1,13
38,90	1,10
38,92	1,08
38,94	1,06
38,97	1,06
38,99	1,03
39,02	1,01
39,04	0,99
39,07	0,97
39,09	0,95
39,12	0,93
39,14	0,91
39,16	0,89
39,19	0,88
39,21	0,86
39,24	0,85
39,26	0,81
39,29	0,80
39,31	0,80
39,34	0,79
39,36	0,78
39,38	0,77
39,41	0,77
39,43	0,78
39,46	0,77
39,48	0,74
39,51	0,73
39,53	0,70
39,56	0,69
39,58	0,68
39,60	0,66
39,63	0,66
39,65	0,65
39,68	0,64
39,70	0,67
39,73	0,67
39,75	0,67
39,78	0,67
39,80	0,66
39,82	0,67
39,85	0,66
39,87	0,66
39,90	0,66
39,92	0,67
39,95	0,67
39,97	0,69
39,99	0,71
40,02	0,72
40,04	0,73
40,07	0,75
40,09	0,77
40,12	0,78
40,14	0,79
40,17	0,81
40,19	0,82
40,21	0,83
40,24	0,86
40,26	0,87
40,29	0,90
40,31	0,92
40,34	0,95
40,36	0,98
40,39	1,01
40,41	1,04
40,43	1,09
40,46	1,12
40,48	1,16
40,51	1,19
40,53	1,23
40,56	1,27
40,58	1,31
40,61	1,35
40,63	1,40
40,65	1,45
40,68	1,49
40,70	1,54
40,73	1,60
40,75	1,66
40,78	1,71
40,80	1,76
40,83	1,82
40,85	1,87
40,87	1,92
40,90	1,98
40,92	2,04
40,95	2,09
40,97	2,15
41,00	2,19
41,02	2,26
41,05	2,32
41,07	2,38
41,09	2,43
41,12	2,48
41,14	2,53
41,17	2,61
41,19	2,66
41,22	2,71
41,24	2,75
41,26	2,82
41,29	2,88
41,31	2,94
41,34	2,99
41,36	3,05
41,39	3,10
41,41	3,15
41,44	3,19
41,46	3,24
41,48	3,28
41,51	3,33
41,53	3,37
41,56	3,41
41,58	3,46
41,61	3,51
41,63	3,57
41,66	3,61
41,68	3,64
41,70	3,68
41,73	3,69
41,75	3,72
41,78	3,74
41,80	3,75
41,83	3,78
41,85	3,79
41,88	3,82
41,90	3,87
41,92	3,88
41,95	3,90
41,97	3,91
42,00	3,92
42,02	3,94
42,05	3,94
42,07	3,94
42,10	3,94
42,12	3,94
42,14	3,94
42,17	3,95
42,19	3,94
42,22	3,93
42,24	3,92
42,27	3,91
42,29	3,90
42,31	3,89
42,34	3,87
42,36	3,87
42,39	3,86
42,41	3,84
42,44	3,82
42,46	3,78
42,49	3,76
42,51	3,73
42,53	3,69
42,56	3,66
42,58	3,62
42,61	3,59
42,63	3,59
42,66	3,56
42,68	3,52
42,71	3,50
42,73	3,47
42,75	3,44
42,78	3,40
42,80	3,35
42,83	3,31
42,85	3,27
42,88	3,23
42,90	3,19
42,93	3,15
42,95	3,11
42,97	3,07
43,00	3,03
43,02	3,00
43,05	2,96
43,07	2,91
43,10	2,89
43,12	2,85
43,15	2,80
43,17	2,76
43,19	2,70
43,22	2,67
43,24	2,62
43,27	2,56
43,29	2,52
43,32	2,46
43,34	2,43
43,36	2,41
43,39	2,37
43,41	2,33
43,44	2,29
43,46	2,26
43,49	2,23
43,51	2,19
43,54	2,14
43,56	2,10
43,58	2,06
43,61	2,02
43,63	1,98
43,66	1,94
43,68	1,91
43,71	1,87
43,73	1,84
43,76	1,82
43,78	1,79
43,80	1,76
43,83	1,74
43,85	1,71
43,88	1,67
43,90	1,64
43,93	1,58
43,95	1,55
43,98	1,53
44,00	1,48
44,02	1,45
44,05	1,42
44,07	1,40
44,10	1,40
44,12	1,38
44,15	1,36
44,17	1,34
44,20	1,31
44,22	1,29
44,24	1,27
44,27	1,23
44,29	1,21
44,32	1,17
44,34	1,16
44,37	1,15
44,39	1,14
44,41	1,12
44,44	1,10
44,46	1,09
44,49	1,09
44,51	1,07
44,54	1,05
44,56	1,06
44,59	1,05
44,61	1,05
44,63	1,04
44,66	1,02
44,68	1,03
44,71	1,02
44,73	1,00
44,76	1,00
44,78	0,98
44,81	0,98
44,83	1,02
44,85	1,02
44,88	1,04
44,90	1,05
44,93	1,05
44,95	1,08
44,98	1,09
45,00	1,08
45,03	1,10
45,05	1,10
45,07	1,12
45,10	1,15
45,12	1,17
45,15	1,20
45,17	1,23
45,20	1,26
45,22	1,30
45,25	1,33
45,27	1,36
45,29	1,41
45,32	1,45
45,34	1,49
45,37	1,53
45,39	1,57
45,42	1,61
45,44	1,65
45,47	1,69
45,49	1,75
45,51	1,78
45,54	1,84
45,56	1,92
45,59	1,97
45,61	2,02
45,64	2,08
45,66	2,14
45,68	2,22
45,71	2,28
45,73	2,33
45,76	2,41
45,78	2,47
45,81	2,55
45,83	2,63
45,86	2,70
45,88	2,78
45,90	2,85
45,93	2,91
45,95	2,99
45,98	3,06
46,00	3,12
46,03	3,19
46,05	3,26
46,08	3,35
46,10	3,43
46,12	3,51
46,15	3,59
46,17	3,68
46,20	3,76
46,22	3,83
46,25	3,89
46,27	3,96
46,30	4,04
46,32	4,11
46,34	4,17
46,37	4,23
46,39	4,29
46,42	4,38
46,44	4,45
46,47	4,50
46,49	4,57
46,52	4,63
46,54	4,69
46,56	4,77
46,59	4,82
46,61	4,87
46,64	4,93
46,66	4,97
46,69	5,03
46,71	5,08
46,73	5,12
46,76	5,17
46,78	5,22
46,81	5,26
46,83	5,30
46,86	5,34
46,88	5,37
46,91	5,40
46,93	5,42
46,95	5,45
46,98	5,46
47,00	5,49
47,03	5,52
47,05	5,55
47,08	5,57
47,10	5,59
47,13	5,60
47,15	5,62
47,17	5,62
47,20	5,61
47,22	5,61
47,25	5,60
47,27	5,60
47,30	5,61
47,32	5,60
47,35	5,60
47,37	5,59
47,39	5,57
47,42	5,57
47,44	5,55
47,47	5,52
47,49	5,50
47,52	5,48
47,54	5,45
47,57	5,43
47,59	5,39
47,61	5,36
47,64	5,33
47,66	5,30
47,69	5,27
47,71	5,21
47,74	5,18
47,76	5,16
47,78	5,11
47,81	5,07
47,83	5,03
47,86	4,99
47,88	4,97
47,91	4,93
47,93	4,87
47,96	4,84
47,98	4,78
48,00	4,73
48,03	4,68
48,05	4,63
48,08	4,57
48,10	4,51
48,13	4,44
48,15	4,41
48,18	4,37
48,20	4,31
48,22	4,26
48,25	4,21
48,27	4,17
48,30	4,12
48,32	4,05
48,35	3,99
48,37	3,93
48,40	3,88
48,42	3,82
48,44	3,74
48,47	3,69
48,49	3,64
48,52	3,59
48,54	3,54
48,57	3,49
48,59	3,44
48,62	3,41
48,64	3,35
48,66	3,30
48,69	3,25
48,71	3,18
48,74	3,13
48,76	3,09
48,79	3,04
48,81	3,00
48,84	2,96
48,86	2,91
48,88	2,89
48,91	2,85
48,93	2,79
48,96	2,75
48,98	2,70
49,01	2,66
49,03	2,61
49,05	2,57
49,08	2,55
49,10	2,50
49,13	2,47
49,15	2,43
49,18	2,38
49,20	2,35
49,23	2,31
49,25	2,26
49,27	2,23
49,30	2,19
49,32	2,15
49,35	2,15
49,37	2,12
49,40	2,09
49,42	2,06
49,45	2,03
49,47	2,02
49,49	2,01
49,52	1,97
49,54	1,96
49,57	1,94
49,59	1,93
49,62	1,92
49,64	1,91
49,67	1,89
49,69	1,89
49,71	1,88
49,74	1,89
49,76	1,88
49,79	1,87
49,81	1,89
49,84	1,89
49,86	1,90
49,89	1,91
49,91	1,92
49,93	1,94
49,96	1,95
49,98	1,95
50,01	1,97
50,03	1,98
50,06	2,00
50,08	2,04
50,10	2,06
50,13	2,09
50,15	2,12
50,18	2,15
50,20	2,20
50,23	2,25
50,25	2,27
50,28	2,31
50,30	2,36
50,32	2,41
50,35	2,49
50,37	2,56
50,40	2,62
50,42	2,68
50,45	2,74
50,47	2,81
50,50	2,87
50,52	2,91
50,54	2,97
50,57	3,05
50,59	3,12
50,62	3,21
50,64	3,29
50,67	3,37
50,69	3,46
50,72	3,53
50,74	3,62
50,76	3,69
50,79	3,77
50,81	3,87
50,84	3,97
50,86	4,06
50,89	4,16
50,91	4,27
50,94	4,39
50,96	4,50
50,98	4,60
51,01	4,71
51,03	4,82
51,06	4,92
51,08	5,03
51,11	5,14
51,13	5,24
51,15	5,35
51,18	5,45
51,20	5,58
51,23	5,70
51,25	5,82
51,28	5,94
51,30	6,06
51,33	6,18
51,35	6,30
51,37	6,40
51,40	6,49
51,42	6,58
51,45	6,67
51,47	6,78
51,50	6,86
51,52	6,95
51,55	7,09
51,57	7,21
51,59	7,33
51,62	7,44
51,64	7,55
51,67	7,67
51,69	7,75
51,72	7,82
51,74	7,89
51,77	7,97
51,79	8,06
51,81	8,15
51,84	8,23
51,86	8,32
51,89	8,41
51,91	8,49
51,94	8,58
51,96	8,65
51,99	8,71
52,01	8,77
52,03	8,83
52,06	8,88
52,08	8,92
52,11	8,98
52,13	9,02
52,16	9,06
52,18	9,10
52,20	9,15
52,23	9,19
52,25	9,24
52,28	9,30
52,30	9,33
52,33	9,37
52,35	9,40
52,38	9,43
52,40	9,45
52,42	9,47
52,45	9,46
52,47	9,47
52,50	9,47
52,52	9,48
52,55	9,49
52,57	9,50
52,60	9,50
52,62	9,51
52,64	9,51
52,67	9,52
52,69	9,51
52,72	9,50
52,74	9,48
52,77	9,46
52,79	9,45
52,82	9,44
52,84	9,42
52,86	9,40
52,89	9,39
52,91	9,38
52,94	9,37
52,96	9,33
52,99	9,31
53,01	9,30
53,04	9,28
53,06	9,26
53,08	9,24
53,11	9,22
53,13	9,22
53,16	9,19
53,18	9,15
53,21	9,13
53,23	9,10
53,26	9,07
53,28	9,07
53,30	9,06
53,33	9,06
53,35	9,06
53,38	9,05
53,40	9,07
53,43	9,08
53,45	9,08
53,47	9,11
53,50	14,96
53,52	20,82
53,55	26,66
53,57	32,51
53,60	38,34
53,62	44,17
53,65	49,99
53,67	49,99
53,69	49,99
53,72	49,99
53,74	49,99
53,77	49,99
53,79	49,99
53,82	49,99
53,84	49,99
53,87	49,99
53,89	49,99
53,91	49,99
53,94	49,99
53,96	49,99
53,99	49,99
54,01	49,99
54,04	49,99
54,06	49,99
54,09	49,99
54,11	49,99
54,13	49,99
54,16	49,99
54,18	49,99
54,21	49,99
54,23	49,99
54,26	49,99
54,28	49,99
54,31	49,99
54,33	49,99
54,35	49,99
54,38	49,99
54,40	49,99
54,43	49,99
54,45	49,99
54,48	49,99
54,50	49,99
54,52	49,99
54,55	49,99
54,57	49,99
54,60	49,99
54,62	49,99
54,65	49,99
54,67	49,99
54,70	49,99
54,72	49,99
54,74	49,99
54,77	49,99
54,79	49,99
54,82	49,99
54,84	49,99
54,87	49,99
54,89	49,99
54,92	49,99
54,94	49,99
54,96	49,99
54,99	49,99
55,01	49,99
55,04	49,99
55,06	49,99
55,09	49,99
55,11	49,99
55,14	49,99
55,16	49,99
55,18	49,99
55,21	49,99
55,23	49,99
55,26	49,99
55,28	49,99
55,31	49,99
55,33	49,99
55,36	50,00
55,38	50,00
55,40	50,00
55,43	49,99
55,45	49,99
55,48	49,99
55,50	49,99
55,53	49,99
55,55	49,99
55,57	49,99
55,60	49,99
55,62	49,99
55,65	49,99
55,67	49,99
55,70	49,99
55,72	49,99
55,75	49,99
55,77	49,99
55,79	49,99
55,82	49,99
55,84	49,99
55,87	49,99
55,89	49,99
55,92	49,99
55,94	49,99
55,97	49,99
55,99	49,99
56,01	49,99
56,04	49,99
56,06	49,99
56,09	49,99
56,11	49,99
56,14	49,99
56,16	49,99
